9.994306958557193088e-01
9.994238244844296792e-01
9.989673474425623256e-01
9.984609006228362116e-01
9.981442829555412510e-01
9.981442829788909066e-01
9.984609006433499134e-01
9.989673475240578027e-01
9.994238245581655855e-01
9.994306958827429144e-01
1.012636391641929423e+00
1.010998241611024362e+00
1.008635781485930361e+00
1.006422327994339616e+00
1.005113769917455269e+00
1.005113769926877065e+00
1.006422328129954913e+00
1.008635781632478690e+00
1.010998241575983503e+00
1.012636391731646102e+00
1.036803906857330704e+00
1.034355325989565255e+00
1.030472121080129089e+00
1.026699273571592741e+00
1.024448781207730308e+00
1.024448781251398710e+00
1.026699273609149587e+00
1.030472120950815418e+00
1.034355326525063345e+00
1.036803907350379417e+00
1.067170344578834307e+00
1.063415486234433160e+00
1.057695615084800256e+00
1.052485283908211944e+00
1.049483486891773509e+00
1.049483486872341276e+00
1.052485283774424740e+00
1.057695615173250614e+00
1.063415486247695219e+00
1.067170342891212931e+00
1.088279298988549915e+00
1.085057747198129974e+00
1.079590852179616478e+00
1.074693745511894338e+00
1.071902827980928175e+00
1.071902827938046254e+00
1.074693745699305980e+00
1.079590851907583859e+00
1.085057747172237796e+00
1.088279300097751534e+00
1.098642375959565154e+00
1.096468148092071271e+00
1.092523456222159295e+00
1.089265877496034651e+00
1.087461616982659640e+00
1.087461617039604311e+00
1.089265877677187300e+00
1.092523456056565756e+00
1.096468148217964567e+00
1.098642372777012710e+00
1.099030580211113106e+00
1.098192304798499164e+00
1.096675135799416223e+00
1.095639509602716055e+00
1.095078419676452475e+00
1.095078419870719522e+00
1.095639510076274803e+00
1.096675136195480516e+00
1.098192303540005188e+00
1.099030575277572863e+00
1.092180559462767153e+00
1.092702490829805972e+00
1.094187285264798248e+00
1.095480622218718558e+00
1.096139144794576747e+00
1.096139145120097025e+00
1.095480623058324721e+00
1.094187286671991943e+00
1.092702490625993894e+00
1.092180549638864129e+00
1.089310368763835912e+00
1.089977874414111314e+00
1.092672476951449090e+00
1.095014536190286325e+00
1.096257164436067022e+00
1.096257164754228741e+00
1.095014536974031616e+00
1.092672477629527128e+00
1.089977873548389820e+00
1.089310363805675363e+00
1.095280230745278249e+00
1.095093773827681360e+00
1.096715711781272251e+00
1.098455503506334585e+00
1.099453148030031580e+00
1.099453148206954944e+00
1.098455503889669727e+00
1.096715711802946025e+00
1.095093772561534617e+00
1.095280228158802993e+00
1.101720354572532257e+00
1.101202235953549824e+00
1.101806245679258112e+00
1.102734062639105783e+00
1.103315309286988954e+00
1.103315309361339480e+00
1.102734062781123514e+00
1.101806245573078602e+00
1.101202235132001439e+00
1.101720353087628723e+00
1.105144144630315184e+00
1.104987916520915325e+00
1.105140633454479770e+00
1.105461613161832446e+00
1.105673815677024718e+00
1.105673815771001767e+00
1.105461613413264432e+00
1.105140633716868992e+00
1.104987916524848401e+00
1.105144144312545151e+00
1.110382989976945289e+00
1.109568280801852769e+00
1.108590315122002679e+00
1.108082668557518913e+00
1.107910924581128498e+00
1.107910924721132728e+00
1.108082668984919472e+00
1.108590315787051805e+00
1.109568281480400431e+00
1.110382990497344347e+00
1.112652418703538926e+00
1.112589283682556607e+00
1.112283062168567316e+00
1.112149546327826144e+00
1.112123810770420995e+00
1.112123810877978958e+00
1.112149546694022550e+00
1.112283062838447245e+00
1.112589284504784448e+00
1.112652419485016697e+00
1.119050974568614798e+00
1.119043220552741857e+00
1.118978589941896917e+00
1.118992893035209768e+00
1.119013857456221395e+00
1.119013857441658599e+00
1.118992893071535377e+00
1.118978590201255896e+00
1.119043221082770545e+00
1.119050975285154292e+00
1.125771176007758223e+00
1.125688220922953509e+00
1.125566736883560237e+00
1.125488481890470460e+00
1.125437011112804253e+00
1.125437010959042805e+00
1.125488481529226537e+00
1.125566736599531659e+00
1.125688221006404532e+00
1.125771176526220829e+00
1.125638563746593990e+00
1.125521722321348728e+00
1.125459129444895234e+00
1.125405319084882505e+00
1.125353154732540384e+00
1.125353154504920017e+00
1.125405318491164319e+00
1.125459128806013398e+00
1.125521722071250563e+00
1.125638563951862237e+00
1.113914553853592837e+00
1.113730196808884410e+00
1.113773389066565311e+00
1.113824581910932032e+00
1.113832208044437388e+00
1.113832207841839450e+00
1.113824581348148879e+00
1.113773388387746754e+00
1.113730196494269409e+00
1.113914554006055990e+00
1.089475313552769942e+00
1.089191430276307937e+00
1.089297659348611225e+00
1.089422601408376767e+00
1.089480927769129970e+00
1.089480927665046117e+00
1.089422601090078491e+00
1.089297658922453005e+00
1.089191430160400209e+00
1.089475313885665653e+00
1.060279372228172701e+00
1.059698428695990291e+00
1.059645745707032072e+00
1.059692967264753038e+00
1.059746210064276495e+00
1.059746210065516614e+00
1.059692967221228743e+00
1.059645745594806954e+00
1.059698428878738552e+00
1.060279373054137775e+00
1.991931758414187925e+01
2.523860463117399888e+01
3.006573695823211523e+01
3.339603038204133156e+01
3.508044005043569769e+01
3.508044001875153128e+01
3.339603030161974573e+01
3.006573684673017510e+01
2.523860451476249622e+01
1.991931748467833785e+01
2.030586126447575168e+01
2.608225003680286846e+01
3.146500663671297460e+01
3.522732883006305826e+01
3.713358172455196637e+01
3.713358170754285936e+01
3.522732876831327786e+01
3.146500657431087689e+01
2.608225003607209658e+01
2.030586131673653583e+01
1.960876298601381151e+01
2.615437627749133043e+01
3.267195470810401758e+01
3.739477506318697664e+01
3.981679971811191621e+01
3.981679970429001969e+01
3.739477503795836810e+01
3.267195471037525323e+01
2.615437616164814472e+01
1.960876295058851682e+01
1.921507755220114078e+01
2.704032100264462457e+01
3.501259487225483014e+01
4.079271804724599804e+01
4.372896614588358233e+01
4.372896616523533453e+01
4.079271808536281441e+01
3.501259483873430156e+01
2.704032109434539066e+01
1.921507790808351146e+01
2.115638215351047435e+01
3.112078614072212801e+01
4.073719160053129684e+01
4.728591458070331299e+01
5.043602740031081311e+01
5.043602745014802480e+01
4.728591472784368221e+01
4.073719162703741858e+01
3.112078589146874208e+01
2.115638264853780015e+01
2.497378161515854700e+01
3.836954020258112052e+01
5.015950293581594366e+01
5.734097231509158377e+01
6.045059753448749262e+01
6.045059760826165984e+01
5.734097253415855988e+01
5.015950325729938442e+01
3.836954043612803389e+01
2.497378183987650146e+01
2.870677184273982618e+01
4.592718996626811645e+01
6.032673455614561675e+01
6.840685072246841969e+01
7.158321537073672403e+01
7.158321543847557678e+01
6.840685091986580346e+01
6.032673485788038192e+01
4.592719024457580446e+01
2.870677190461268680e+01
2.825151600024933884e+01
4.778884424061988057e+01
6.481383177150397046e+01
7.457739001602251960e+01
7.843826709303303346e+01
7.843826713079363344e+01
7.457739012703410708e+01
6.481383193669154252e+01
4.778884436994597706e+01
2.825151599279623937e+01
2.259569441459390049e+01
4.148749563659812623e+01
5.990774002348775440e+01
7.160150986084364888e+01
7.663975897102862689e+01
7.663975896585192515e+01
7.160150985529686807e+01
5.990774002585833813e+01
4.148749562020627479e+01
2.259569437006021175e+01
1.717136197534111020e+01
3.296076132113582702e+01
5.016373269134451363e+01
6.226512941494844711e+01
6.793992150809916097e+01
6.793992147272419402e+01
6.226512933317008702e+01
5.016373260281699231e+01
3.296076123664846591e+01
1.717136191207706020e+01
1.555771633272902754e+01
2.788457091644124120e+01
4.207157136858752722e+01
5.264252386477758705e+01
5.785029479927553808e+01
5.785029477683723798e+01
5.264252381834162264e+01
4.207157133220297140e+01
2.788457089574923131e+01
1.555771632082595346e+01
1.746687786839229872e+01
2.745833503222268135e+01
3.852337020882492880e+01
4.658079299686447428e+01
5.050971257549229421e+01
5.050971259707441874e+01
4.658079306374136763e+01
3.852337031658111499e+01
2.745833515470475206e+01
1.746687797171922085e+01
2.243135028061209724e+01
3.108850900640943848e+01
3.945235725887224731e+01
4.482062635047604005e+01
4.718892285446794688e+01
4.718892290897300512e+01
4.482062650345674371e+01
3.945235748003003806e+01
3.108850924796700355e+01
2.243135049339566578e+01
2.797397122840902028e+01
3.620164852587456750e+01
4.282649415479500732e+01
4.618939277207589811e+01
4.732108283818028838e+01
4.732108289129298129e+01
4.618939292103893735e+01
4.282649437097762757e+01
3.620164876649835151e+01
2.797397145227266790e+01
3.261102355864733227e+01
4.103437632269959323e+01
4.696200706297406668e+01
4.930970951684071935e+01
4.978050247541521856e+01
4.978050249548279282e+01
4.930970957455358672e+01
4.696200715085391408e+01
4.103437642900425431e+01
3.261102367343545438e+01
3.713634503949553078e+01
4.569248041100766500e+01
5.120304710899170431e+01
5.303796468468983250e+01
5.321879684812872569e+01
5.321879682627600516e+01
5.303796462423590441e+01
5.120304702591113255e+01
4.569248033293027333e+01
3.713634499440976811e+01
4.153115421791152784e+01
4.982608105212140259e+01
5.471520012386306320e+01
5.612815332396066736e+01
5.616612349299458629e+01
5.616612344573834292e+01
5.612815318980150892e+01
5.471519992812197586e+01
4.982608084232249013e+01
4.153115404963552493e+01
4.483634192424177201e+01
5.242593243404838432e+01
5.646276524687638698e+01
5.747417748503787038e+01
5.744511833161391223e+01
5.744511828800707320e+01
5.747417735874470424e+01
5.646276505437938198e+01
5.242593221511789636e+01
4.483634174486791579e+01
4.474432020179535385e+01
5.129505128403334879e+01
5.442941442029812293e+01
5.511718753904576573e+01
5.507768020302624734e+01
5.507768018762909179e+01
5.511718749214593061e+01
5.442941434260400513e+01
5.129505119124066681e+01
4.474432013387998097e+01
3.911935722710978069e+01
4.471927467325736671e+01
4.716680380209577095e+01
4.763947493577438053e+01
4.760375318740138084e+01
4.760375320430480883e+01
4.763947498138361425e+01
4.716680386603438535e+01
4.471927475310994993e+01
3.911935731227507773e+01
5.272925241755217762e-02
2.088666344995190050e-01
3.252758972514324110e-01
2.729434011607302368e-01
1.040681011629748659e-01
-1.040681298487688283e-01
-2.729434305887084022e-01
-3.252759245305000824e-01
-2.088666469114776880e-01
-5.272924534582470318e-02
-2.065964335473395933e-02
3.222322710276085966e-01
6.569907386959485951e-01
6.465115837103871943e-01
2.654520657740894185e-01
-2.654521669494369074e-01
-6.465116649524156323e-01
-6.569907950242811490e-01
-3.222322939166587519e-01
2.065965935408397083e-02
4.841242472265105401e-01
1.284857630256967198e+00
1.828392646120390985e+00
1.582971570362787572e+00
6.190049716189303108e-01
-6.190051127459704761e-01
-1.582971670062587766e+00
-1.828392685784422156e+00
-1.284857628372829907e+00
-4.841242520369247737e-01
3.524861447123888603e+00
4.735021181430626669e+00
4.980018014756746325e+00
3.707984513039670915e+00
1.357496364214472395e+00
-1.357496496639031935e+00
-3.707984618370086416e+00
-4.980018060724664686e+00
-4.735021170650878908e+00
-3.524861474987763810e+00
6.337844655250409964e+00
8.525044392645135360e+00
8.677958086224537126e+00
6.212882500647203265e+00
2.220720302241683264e+00
-2.220720356803413953e+00
-6.212882610232757230e+00
-8.677958278836133132e+00
-8.525044557791472855e+00
-6.337844642793901251e+00
7.488000771912740383e+00
1.042229905572231985e+01
1.062572075284859885e+01
7.514053145309135928e+00
2.661251864857285376e+00
-2.661251705418014257e+00
-7.514053036972546451e+00
-1.062572070657382461e+01
-1.042229912153581139e+01
-7.488000936714080957e+00
5.301909719706511481e+00
7.865799541088827063e+00
8.307484797679151711e+00
5.969538539789821741e+00
2.128218614969458411e+00
-2.128218242134870319e+00
-5.969538225591198177e+00
-8.307484567002969555e+00
-7.865799509797964717e+00
-5.301909881242976574e+00
-6.353509512602714682e-02
6.350980412339769510e-01
1.287070562625794556e+00
1.237467108393454751e+00
4.965811112905702540e-01
-4.965806678559306353e-01
-1.237466724029038012e+00
-1.287070266725434342e+00
-6.350979685468828295e-01
6.353495968589445431e-02
-4.271214797888030823e+00
-6.192657930195367477e+00
-6.260473408884491775e+00
-4.292522881627257370e+00
-1.488974132603994915e+00
1.488974474953718596e+00
4.292523175241592881e+00
6.260473632668208666e+00
6.192657973907681246e+00
4.271214674414653523e+00
-5.193838754267666502e+00
-8.763850060204328329e+00
-1.008256190660005913e+01
-7.634245484621692057e+00
-2.790471185151579103e+00
2.790471301580166319e+00
7.634245576526406118e+00
1.008256196754105716e+01
8.763850049918460172e+00
5.193838685963692470e+00
-4.655452117870548356e+00
-8.076721751939638594e+00
-9.876837324438117349e+00
-7.911728778264405904e+00
-2.983760258855545189e+00
2.983760160040833220e+00
7.911728695672959333e+00
9.876837275209517486e+00
8.076721725234776272e+00
4.655452099497018104e+00
-3.169909720094563177e+00
-5.442345314698672887e+00
-6.996325528594245391e+00
-5.906913864187711027e+00
-2.295376301303564404e+00
2.295376131023839861e+00
5.906913730139613072e+00
6.996325458426757571e+00
5.442345300001369068e+00
3.169909731647099882e+00
-5.030102548406271135e-01
-1.940526810831509463e+00
-3.342776977155683227e+00
-3.230676675452165636e+00
-1.328673719273275600e+00
1.328673630046343757e+00
3.230676607615853513e+00
3.342776947038821334e+00
1.940526802725963673e+00
5.030102494678004854e-01
6.959015178091293441e-02
-5.328650804024540610e-01
-1.363239597542582393e+00
-1.525165988274295392e+00
-6.630217853729001298e-01
6.630218349987330173e-01
1.525166034975872886e+00
1.363239640015334819e+00
5.328650953082006980e-01
-6.959016670471757093e-02
4.271886761756662348e-02
-2.579494223183736445e-01
-7.031150421634643211e-01
-7.959865914558658107e-01
-3.460981174962739493e-01
3.460982648113288818e-01
7.959867222626483274e-01
7.031151405272438870e-01
2.579494586237525700e-01
-4.271888507361549375e-02
3.631096339112418331e-02
-2.598856184148487514e-01
-5.703534545486107499e-01
-5.622382732055128951e-01
-2.274853557270006266e-01
2.274855073048824006e-01
5.622384100989390454e-01
5.703535582738905596e-01
2.598856608170389548e-01
-3.631097628736165706e-02
2.018958209119908059e-02
-3.703796432973330277e-01
-6.467186837276306388e-01
-5.421824990615080608e-01
-1.997980711209323690e-01
1.997981455326166833e-01
5.421825686851626802e-01
6.467187389352010429e-01
3.703796670779976874e-01
-2.018958780285153715e-02
-9.721412628437016423e-03
-4.731470567542582217e-01
-7.174620548697342448e-01
-5.412878335464286206e-01
-1.870839739819541714e-01
1.870839489434971692e-01
5.412878093343711505e-01
7.174620307334900193e-01
4.731470461153133300e-01
9.721420982211707515e-03
-4.238117325913030170e-02
-4.341453625505390934e-01
-6.033776346483734621e-01
-4.260412763999410490e-01
-1.415745920258216772e-01
1.415745057621131675e-01
4.260411870502965326e-01
6.033775417765298021e-01
4.341453131058597981e-01
4.238118983814456731e-02
-6.869569317145776677e-02
-2.343005565910810939e-01
-3.424214951168600973e-01
-2.431378657037094881e-01
-8.086132170281894183e-02
8.086122258001131324e-02
2.431377561130813048e-01
3.424213737536740410e-01
2.343004960455692676e-01
6.869571770541950395e-02
2.984287663561718655e+05
2.985531025691358373e+05
2.984865098304954008e+05
2.983576854568107519e+05
2.982633140998473391e+05
2.982633141059508780e+05
2.983576854725587182e+05
2.984865098559673061e+05
2.985531025679951417e+05
2.984287663359805010e+05
2.943254308838737779e+05
2.944380440787055413e+05
2.945066071251148242e+05
2.944786230870307772e+05
2.944285605580778210e+05
2.944285605726732756e+05
2.944786231309205759e+05
2.945066071697209263e+05
2.944380441615511663e+05
2.943254309314700658e+05
2.901986426812752616e+05
2.905229281029929989e+05
2.907986816628698143e+05
2.909040722067074967e+05
2.909186615750039346e+05
2.909186615848907386e+05
2.909040722224097699e+05
2.907986816927582258e+05
2.905229281377554289e+05
2.901986427603068878e+05
2.885358458828724106e+05
2.885855912042337586e+05
2.885132583962265635e+05
2.884098631846822682e+05
2.883408383776081610e+05
2.883408383759987773e+05
2.884098631712720962e+05
2.885132583773370134e+05
2.885855911545720883e+05
2.885358459577489411e+05
2.865551350719382754e+05
2.867424895106313052e+05
2.866460283868725528e+05
2.865406057449313230e+05
2.864792332150269067e+05
2.864792332149958238e+05
2.865406057814676897e+05
2.866460284809704171e+05
2.867424895401506801e+05
2.865551347647946677e+05
2.848437895063887117e+05
2.852006527686767513e+05
2.852617303664907231e+05
2.853511416483728099e+05
2.854048097767120344e+05
2.854048097671382129e+05
2.853511416272235219e+05
2.852617303377924836e+05
2.852006526732599596e+05
2.848437895119446330e+05
2.831502641131597920e+05
2.837311173079953296e+05
2.842037539516028482e+05
2.846331852380608907e+05
2.848572198796111043e+05
2.848572198718264699e+05
2.846331852208128548e+05
2.842037539809509763e+05
2.837311174053184222e+05
2.831502643067199388e+05
2.810372232811225695e+05
2.818401606510449201e+05
2.830053871839824133e+05
2.839183879544172087e+05
2.843749023838348221e+05
2.843749023773543886e+05
2.839183879449318047e+05
2.830053872326249839e+05
2.818401607983454014e+05
2.810372235099031241e+05
2.810787767649938469e+05
2.816941466223390889e+05
2.830434358330525574e+05
2.841432465487045702e+05
2.847090892966535175e+05
2.847090892687814776e+05
2.841432464818950975e+05
2.830434357887132210e+05
2.816941466372863506e+05
2.810787768509322195e+05
2.841160771132456721e+05
2.842818795330527937e+05
2.851296785102846916e+05
2.859495948081240640e+05
2.864027173358396394e+05
2.864027172850851784e+05
2.859495946827222360e+05
2.851296783746585716e+05
2.842818794239221024e+05
2.841160770418080501e+05
2.868507293997199158e+05
2.868557842569561908e+05
2.873124835179928923e+05
2.878384767164911027e+05
2.881477998357841861e+05
2.881477997996077756e+05
2.878384766290641273e+05
2.873124834217902389e+05
2.868557841732759844e+05
2.868507293401947827e+05
2.881453854172954452e+05
2.882869342430130346e+05
2.885824510628718999e+05
2.888890533089772798e+05
2.890649675255988259e+05
2.890649675404786831e+05
2.888890533561186166e+05
2.885824511409244733e+05
2.882869343362435466e+05
2.881453855274798116e+05
2.899983307658431586e+05
2.899177602765011834e+05
2.897901419570787111e+05
2.897661972752481233e+05
2.897806375802264083e+05
2.897806376366905170e+05
2.897661974346911302e+05
2.897901421894618543e+05
2.899177605389243108e+05
2.899983310552402399e+05
2.907805470936094061e+05
2.910034148328471929e+05
2.911074682431075489e+05
2.911807972360075801e+05
2.912185467089568265e+05
2.912185467654313543e+05
2.911807973956583883e+05
2.911074684760998352e+05
2.910034150965827866e+05
2.907805473965732381e+05
2.931389092352500884e+05
2.934155945195503882e+05
2.936051752585222130e+05
2.937064433913652902e+05
2.937399397410932579e+05
2.937399397596354247e+05
2.937064434466142557e+05
2.936051753451601835e+05
2.934155946267769905e+05
2.931389093958858866e+05
2.958238797755259438e+05
2.961014636053350405e+05
2.962683078030464239e+05
2.963188642823895207e+05
2.963132079268828384e+05
2.963132078978003701e+05
2.963188642047719331e+05
2.962683077002333011e+05
2.961014635044987663e+05
2.958238797303190222e+05
2.963846049956168281e+05
2.966679774786373018e+05
2.968475755294028204e+05
2.968927626453492558e+05
2.968792042744855280e+05
2.968792042170488276e+05
2.968927624877394992e+05
2.968475753112242674e+05
2.966679772419508081e+05
2.963846047768599819e+05
2.926525614212587825e+05
2.929231110807057121e+05
2.931307650530411629e+05
2.932024553830110817e+05
2.932059878102043294e+05
2.932059877563018817e+05
2.932024552335279877e+05
2.931307648428168613e+05
2.929231108423030819e+05
2.926525611348285456e+05
2.816405835070015746e+05
2.818815638901227503e+05
2.820991089636739925e+05
2.821818867755471729e+05
2.821965278745433898e+05
2.821965278469879995e+05
2.821818866982556065e+05
2.820991088522934006e+05
2.818815637566830846e+05
2.816405832671414246e+05
2.620613897674514737e+05
2.621994005834774580e+05
2.623267570508091594e+05
2.623533782216694090e+05
2.623534490261701285e+05
2.623534490258540609e+05
2.623533782192671206e+05
2.623267570424118312e+05
2.621994005682292045e+05
2.620613896540364658e+05
